      0/14      1.9G   0.06155   0.01264         0   0.07418        57       640    0.7129    0.6851     0.715    0.3045   0.07496  0.008464         0
      1/14     13.6G   0.05418  0.009667         0   0.06385        35       640    0.7262    0.6502    0.7123    0.3072   0.07824  0.007969         0
      2/14     11.5G   0.05652  0.009635         0   0.06615        79       640    0.5516    0.3035    0.3212    0.1385   0.08662   0.01072         0
      3/14     11.5G   0.06133    0.0105         0   0.07183        41       640    0.3681    0.3101    0.2595    0.1015   0.08692   0.01073         0
      4/14     11.5G   0.05987   0.01112         0   0.07099        14       640    0.5189    0.3942    0.4319    0.1899   0.07368   0.01072         0
      5/14     11.5G   0.05251   0.01102         0   0.06353        16       640    0.6635    0.5934    0.6392    0.3134    0.0689  0.009874         0
      6/14     11.5G   0.04912   0.01072         0   0.05985        36       640    0.7029     0.655    0.6966    0.3546   0.06755  0.009249         0
      7/14     11.5G   0.04648   0.01063         0   0.05711        25       640    0.7946    0.6655    0.7362    0.4007   0.06497  0.009063         0
      8/14     11.5G   0.04427   0.01043         0   0.05471        19       640     0.746    0.7039    0.7537    0.4248   0.06225   0.00862         0
      9/14     11.5G   0.04214   0.01026         0    0.0524        33       640    0.7704    0.7309    0.7764    0.4509   0.06014  0.008537         0
     10/14     11.5G   0.04061  0.009889         0    0.0505        17       640    0.7769    0.7253     0.776    0.4603   0.05758  0.008824         0
     11/14     11.5G   0.03962  0.009927         0   0.04954        11       640    0.8569    0.7312     0.818    0.5035   0.05488  0.008687         0
     12/14     11.5G   0.03832  0.009637         0   0.04796        17       640    0.8303     0.751    0.8253    0.5125   0.05118  0.008924         0
     13/14     11.5G   0.03688  0.009864         0   0.04675        54       640    0.8387    0.7778    0.8461    0.5363   0.05007  0.008723         0
     14/14     11.5G   0.03635  0.009934         0   0.04628        16       640    0.8645    0.7566    0.8468    0.5408   0.04907   0.00862         0
