0 0.2875 0.06875 0.03671875 0.13515625
0 0.34765625 0.10390625 0.0421875 0.11171875
0 0.3453125 0.0515625 0.040625 0.103125
0 0.2890625 0.54375 0.0484375 0.2140625
0 0.26328125 0.659375 0.05390625 0.23515625
0 0.67109375 0.8078125 0.05078125 0.21640625
0 0.55078125 0.36328125 0.05390625 0.19296875
0 0.58359375 0.3375 0.040625 0.19765625
0 0.57890625 0.1921875 0.05 0.15859375
0 0.5578125 0.15703125 0.034375 0.16796875
0 0.52578125 0.175 0.03828125 0.1515625
0 0.63046875 0.2609375 0.03515625 0.1
0 0.44375 0.165625 0.05078125 0.18359375
0 0.015625 0.2921875 0.03125 0.171875
0 0.0375 0.284375 0.02734375 0.165625
0 0.0625 0.28515625 0.0328125 0.16796875
0 0.08671875 0.28046875 0.0390625 0.18125
0 0.115625 0.3390625 0.03125 0.171875
0 0.14296875 0.3375 0.04453125 0.18828125
0 0.115625 0.2578125 0.0265625 0.10234375
0 0.11328125 0.11796875 0.02890625 0.16796875
0 0.13984375 0.12109375 0.03828125 0.1703125
0 0.153125 0.19921875 0.040625 0.16328125
0 0.1578125 0.0921875 0.034375 0.15390625
0 0.19140625 0.10703125 0.03125 0.1328125
0 0.2484375 0.1015625 0.040625 0.14921875
0 0.3578125 0.88671875 0.06796875 0.2265625
0 0.43828125 0.34609375 0.05625 0.1953125
0 0.496875 0.91484375 0.0546875 0.1703125
0 0.44921875 0.83125 0.0703125 0.25859375
0 0.40390625 0.9484375 0.0578125 0.10234375
0 0.075 0.52265625 0.0421875 0.2328125
0 0.05078125 0.4984375 0.040625 0.21640625
0 0.59453125 0.66796875 0.05 0.23046875
0 0.93984375 0.5703125 0.05859375 0.22578125
0 0.7875 0.3328125 0.04609375 0.18828125
0 0.72421875 0.18671875 0.0390625 0.165625
0 0.76640625 0.22734375 0.03671875 0.171875
0 0.75546875 0.1828125 0.02734375 0.15390625
0 0.82578125 0.228125 0.03515625 0.1703125
0 0.853125 0.19921875 0.03046875 0.171875
0 0.825 0.14375 0.034375 0.13515625
0 0.78203125 0.15703125 0.034375 0.15390625
0 0.7390625 0.07578125 0.03828125 0.10234375
0 0.76796875 0.04609375 0.034375 0.0921875
0 0.80078125 0.053125 0.0421875 0.10625