0 0.8859375 0.659375 0.22578125 0.678125
0 0.09765625 0.69453125 0.1953125 0.61015625
0 0.51484375 0.23125 0.0984375 0.16015625
0 0.28828125 0.4703125 0.1515625 0.45078125
0 0.1984375 0.65078125 0.1640625 0.5921875
0 0.6609375 0.31328125 0.11640625 0.31640625
0 0.39140625 0.38984375 0.08671875 0.19765625
0 0.66015625 0.45546875 0.11171875 0.27109375
0 0.7640625 0.61015625 0.13359375 0.36640625
0 0.78203125 0.4421875 0.1453125 0.37734375
0 0.3328125 0.42890625 0.07734375 0.23046875
0 0.39609375 0.14921875 0.06796875 0.14296875
0 0.37890625 0.29609375 0.07734375 0.21875
0 0.6234375 0.13203125 0.05859375 0.15078125
0 0.603125 0.2984375 0.0640625 0.228125
0 0.43984375 0.246875 0.04609375 0.06328125