0 0.29140625 0.06875 0.0375 0.13671875
0 0.35234375 0.10390625 0.04296875 0.1140625
0 0.3515625 0.0515625 0.040625 0.103125
0 0.29296875 0.553125 0.04921875 0.21875
0 0.26640625 0.67109375 0.0546875 0.23984375
0 0.68359375 0.82265625 0.05234375 0.22109375
0 0.5609375 0.36875 0.0546875 0.196875
0 0.59375 0.34296875 0.04140625 0.20234375
0 0.5890625 0.19453125 0.05078125 0.16171875
0 0.56796875 0.15859375 0.034375 0.17109375
0 0.53515625 0.1765625 0.0390625 0.1546875
0 0.6421875 0.26484375 0.0359375 0.10234375
0 0.45078125 0.1671875 0.05234375 0.1875
0 0.01484375 0.29609375 0.0296875 0.17578125
0 0.03671875 0.28828125 0.028125 0.16875
0 0.06171875 0.2890625 0.03359375 0.17109375
0 0.08671875 0.284375 0.03984375 0.18515625
0 0.11640625 0.34375 0.03203125 0.17578125
0 0.14375 0.34296875 0.0453125 0.1921875
0 0.11640625 0.2609375 0.0265625 0.1046875
0 0.11328125 0.11796875 0.0296875 0.17109375
0 0.140625 0.121875 0.0390625 0.1734375
0 0.15390625 0.2015625 0.04140625 0.16640625
0 0.15859375 0.0921875 0.034375 0.15703125
0 0.19375 0.1078125 0.03203125 0.13515625
0 0.2515625 0.1015625 0.04140625 0.15234375
0 0.36328125 0.89375 0.06953125 0.21171875
0 0.4453125 0.3515625 0.0578125 0.2
0 0.50546875 0.92265625 0.05625 0.1546875
0 0.45703125 0.846875 0.071875 0.2640625
0 0.41015625 0.95703125 0.05859375 0.0859375
0 0.07421875 0.53203125 0.04296875 0.2375
0 0.05 0.50703125 0.04140625 0.22109375
0 0.60546875 0.68046875 0.05078125 0.23515625
0 0.9578125 0.58046875 0.06015625 0.23046875
0 0.80234375 0.33828125 0.046875 0.1921875
0 0.7375 0.18828125 0.03984375 0.16875
0 0.78046875 0.2296875 0.0375 0.17578125
0 0.76875 0.18515625 0.028125 0.15703125
0 0.84140625 0.23125 0.0359375 0.1734375
0 0.86953125 0.2015625 0.03046875 0.17578125
0 0.840625 0.14453125 0.034375 0.1375
0 0.796875 0.15859375 0.034375 0.15703125
0 0.753125 0.07578125 0.0390625 0.1046875
0 0.78203125 0.04609375 0.034375 0.0921875
0 0.815625 0.053125 0.04296875 0.10625