0 0.284375 0.06171875 0.0375 0.12265625
0 0.3453125 0.090625 0.0421875 0.11328125
0 0.34375 0.04453125 0.040625 0.0890625
0 0.2859375 0.53671875 0.04921875 0.2171875
0 0.259375 0.65390625 0.0546875 0.23828125
0 0.67421875 0.8046875 0.0515625 0.21953125
0 0.5515625 0.35390625 0.0546875 0.19609375
0 0.58515625 0.328125 0.04140625 0.20078125
0 0.58046875 0.1796875 0.05078125 0.1609375
0 0.559375 0.14453125 0.034375 0.1703125
0 0.5265625 0.1625 0.03828125 0.15390625
0 0.6328125 0.25 0.0359375 0.1015625
0 0.44296875 0.153125 0.0515625 0.18671875
0 0.01171875 0.28125 0.0234375 0.175
0 0.03046875 0.2734375 0.028125 0.16796875
0 0.05546875 0.27421875 0.03359375 0.1703125
0 0.08046875 0.26953125 0.03984375 0.184375
0 0.109375 0.32890625 0.03203125 0.175
0 0.1375 0.328125 0.0453125 0.19140625
0 0.109375 0.24609375 0.0265625 0.10390625
0 0.10703125 0.1046875 0.02890625 0.1703125
0 0.134375 0.1078125 0.03828125 0.17265625
0 0.14765625 0.1875 0.04140625 0.165625
0 0.15234375 0.078125 0.034375 0.15625
0 0.18671875 0.09375 0.03203125 0.134375
0 0.24453125 0.08828125 0.04140625 0.1515625
0 0.35546875 0.88515625 0.06953125 0.2296875
0 0.4375 0.3359375 0.05703125 0.1984375
0 0.496875 0.91328125 0.05546875 0.17265625
0 0.4484375 0.82890625 0.071875 0.2625
0 0.40234375 0.94765625 0.05859375 0.10390625
0 0.06796875 0.515625 0.0421875 0.2359375
0 0.04375 0.490625 0.04140625 0.21953125
0 0.59609375 0.66328125 0.05078125 0.23359375
0 0.946875 0.5640625 0.06015625 0.22890625
0 0.7921875 0.32265625 0.046875 0.19140625
0 0.728125 0.17421875 0.03984375 0.16796875
0 0.7703125 0.215625 0.0375 0.175
0 0.759375 0.1703125 0.028125 0.15625
0 0.83125 0.21640625 0.0359375 0.17265625
0 0.85859375 0.1875 0.03046875 0.175
0 0.83046875 0.13046875 0.034375 0.13671875
0 0.78671875 0.14453125 0.034375 0.15625
0 0.74296875 0.06171875 0.03828125 0.10390625
0 0.771875 0.0390625 0.034375 0.078125
0 0.80546875 0.04609375 0.0421875 0.0921875