0 0.34296875 0.0796875 0.04296875 0.11484375
0 0.34140625 0.03984375 0.0421875 0.0796875
0 0.28359375 0.53125 0.05 0.21953125
0 0.25625 0.65 0.05546875 0.24140625
0 0.67578125 0.803125 0.05234375 0.22265625
0 0.55234375 0.34609375 0.05546875 0.1984375
0 0.5859375 0.3203125 0.04140625 0.203125
0 0.58125 0.1703125 0.05078125 0.1625
0 0.634375 0.24140625 0.0359375 0.103125
0 0.59765625 0.659375 0.05078125 0.23671875
0 0.7953125 0.315625 0.046875 0.19375
0 0.73046875 0.16484375 0.040625 0.16953125
0 0.7734375 0.20625 0.0375 0.1765625
0 0.76171875 0.1609375 0.028125 0.1578125
0 0.834375 0.2078125 0.0359375 0.17421875
0 0.8625 0.178125 0.03125 0.1765625
0 0.83359375 0.1203125 0.03515625 0.13828125
0 0.78984375 0.13515625 0.03515625 0.1578125
0 0.74609375 0.0515625 0.0390625 0.103125
0 0.77578125 0.03359375 0.0359375 0.0671875
0 0.80859375 0.04140625 0.04296875 0.08203125
0 0.24296875 0.0375 0.0296875 0.07421875
0 0.2390625 0.1109375 0.0359375 0.1484375
0 0.05 0.5375 0.05390625 0.23203125
0 0.02578125 0.5109375 0.0453125 0.24140625
0 0.12109375 0.35078125 0.04140625 0.1984375
0 0.08828125 0.3453125 0.0390625 0.18671875
0 0.090625 0.2640625 0.0296875 0.10546875
0 0.0609375 0.2875 0.03203125 0.18671875
0 0.0296875 0.3125 0.03125 0.1890625
0 0.0078125 0.29453125 0.015625 0.171875
0 0.12109375 0.21015625 0.04453125 0.16015625
0 0.1265625 0.1203125 0.0359375 0.1484375
0 0.50625 0.190625 0.04296875 0.15546875
0 0.53984375 0.1828125 0.0390625 0.171875
0 0.33125 0.91484375 0.075 0.1703125
0 0.446875 0.8015625 0.06484375 0.2578125
0 0.41484375 0.3078125 0.046875 0.1984375
0 0.4421875 0.20859375 0.046875 0.20546875
0 0.71015625 0.04140625 0.0296875 0.08203125
0 0.16171875 0.08359375 0.03203125 0.1265625
0 0.95078125 0.52890625 0.0453125 0.2296875
0 0.43203125 0.921875 0.06953125 0.15546875
0 0.54296875 0.878125 0.06875 0.24375