0 0.01484375 0.58203125 0.0296875 0.20703125
0 0.02734375 0.4703125 0.05390625 0.1859375
0 0.08515625 0.409375 0.0421875 0.21171875
0 0.128125 0.425 0.0515625 0.19921875
0 0.15390625 0.2921875 0.040625 0.1921875
0 0.1203125 0.28203125 0.0390625 0.15859375
0 0.115625 0.23984375 0.03359375 0.146875
0 0.03046875 0.24765625 0.04765625 0.1703125
0 0.071875 0.2328125 0.0390625 0.1515625
0 0.08515625 0.22109375 0.02734375 0.146875
0 0.1125 0.07109375 0.03046875 0.1421875
0 0.146875 0.078125 0.0375 0.15625
0 0.16328125 0.0703125 0.03515625 0.140625
0 0.20390625 0.0640625 0.0375 0.128125
0 0.24375 0.0609375 0.0390625 0.12109375
0 0.28671875 0.05703125 0.0375 0.11328125
0 0.3484375 0.08046875 0.04296875 0.115625
0 0.346875 0.03984375 0.0421875 0.0796875
0 0.28828125 0.534375 0.05 0.22109375
0 0.2609375 0.65390625 0.05546875 0.24296875
0 0.22265625 0.959375 0.05703125 0.08046875
0 0.30390625 0.9484375 0.059375 0.103125
0 0.3625 0.96484375 0.05625 0.0703125
0 0.3703125 0.859375 0.06640625 0.240625
0 0.45703125 0.93359375 0.0578125 0.1328125
0 0.44765625 0.87578125 0.06875 0.16796875
0 0.60078125 0.6984375 0.06328125 0.23046875
0 0.6828125 0.8078125 0.05234375 0.2234375
0 0.9734375 0.65703125 0.04765625 0.240625
0 0.471875 0.36875 0.05 0.196875
0 0.55859375 0.3484375 0.05546875 0.19921875
0 0.5921875 0.321875 0.0421875 0.2046875
0 0.5875 0.171875 0.0515625 0.16328125
0 0.565625 0.1359375 0.03515625 0.1734375
0 0.5328125 0.15390625 0.0390625 0.15625
0 0.46015625 0.1171875 0.04296875 0.19453125
0 0.640625 0.2421875 0.03671875 0.103125
0 0.72421875 0.20546875 0.04296875 0.16328125
0 0.78828125 0.259375 0.0390625 0.17578125
0 0.77734375 0.21015625 0.0390625 0.1734375
0 0.828125 0.27734375 0.04296875 0.1828125
0 0.871875 0.24609375 0.03671875 0.1921875
0 0.74140625 0.1046875 0.040625 0.16328125
0 0.7828125 0.103125 0.03671875 0.1421875
0 0.81484375 0.1078125 0.03515625 0.165625
0 0.846875 0.13203125 0.03515625 0.15625
0 0.88046875 0.1484375 0.0421875 0.146875
0 0.79140625 0.0640625 0.03515625 0.128125
0 0.6015625 0.96484375 0.05 0.0703125