0 0.7125 0.06953125 0.03671875 0.134375
0 0.65234375 0.10390625 0.04140625 0.1109375
0 0.6546875 0.05234375 0.040625 0.10390625
0 0.71015625 0.54140625 0.0484375 0.21328125
0 0.7359375 0.65625 0.053125 0.23359375
0 0.3296875 0.8046875 0.05078125 0.215625
0 0.45 0.3625 0.053125 0.1921875
0 0.4171875 0.33671875 0.040625 0.196875
0 0.421875 0.1921875 0.04921875 0.15703125
0 0.44296875 0.15703125 0.03359375 0.16640625
0 0.475 0.175 0.0375 0.15078125
0 0.3703125 0.26015625 0.03515625 0.09921875
0 0.228125 0.2765625 0.0375 0.16875
0 0.2390625 0.22890625 0.0375 0.16640625
0 0.18984375 0.29375 0.04140625 0.17578125
0 0.2734375 0.12734375 0.0390625 0.15703125
0 0.23359375 0.12578125 0.03515625 0.13671875
0 0.203125 0.13046875 0.03359375 0.159375
0 0.171875 0.15390625 0.03359375 0.15078125
0 0.13984375 0.1703125 0.040625 0.14140625
0 0.225 0.08125 0.03359375 0.1390625
0 0.55625 0.165625 0.05078125 0.1828125
0 0.98359375 0.29140625 0.0328125 0.17109375
0 0.96015625 0.28359375 0.02734375 0.1640625
0 0.9359375 0.284375 0.0328125 0.16640625
0 0.91171875 0.28046875 0.0390625 0.18046875
0 0.8828125 0.33828125 0.03125 0.17109375
0 0.85546875 0.33671875 0.04453125 0.1875
0 0.8828125 0.25703125 0.02578125 0.1015625
0 0.88515625 0.11796875 0.02890625 0.16640625
0 0.85859375 0.121875 0.0375 0.16875
0 0.8453125 0.19921875 0.040625 0.16171875
0 0.84140625 0.09296875 0.03359375 0.153125
0 0.80703125 0.1078125 0.03125 0.13203125
0 0.75078125 0.1015625 0.040625 0.1484375
0 0.2828125 0.20234375 0.0328125 0.159375
0 0.16171875 0.23515625 0.046875 0.159375
0 0.6421875 0.88515625 0.06796875 0.22890625
0 0.059375 0.5765625 0.0453125 0.20390625
0 0.56171875 0.34453125 0.05625 0.19453125
0 0.50390625 0.91328125 0.0546875 0.1734375
0 0.55078125 0.82734375 0.0703125 0.25703125
0 0.59609375 0.946875 0.05703125 0.10625
0 0.9234375 0.52109375 0.04140625 0.23125
0 0.946875 0.496875 0.040625 0.215625
0 0.40625 0.665625 0.04921875 0.22890625