0 0.8921875 0.65703125 0.215625 0.6859375
0 0.096875 0.69296875 0.19375 0.6140625
0 0.521875 0.22421875 0.10078125 0.1640625
0 0.28984375 0.46953125 0.15546875 0.46171875
0 0.1984375 0.6546875 0.1671875 0.60703125
0 0.67109375 0.309375 0.11875 0.32421875
0 0.3953125 0.38671875 0.08828125 0.20234375
0 0.6703125 0.4546875 0.1140625 0.278125
0 0.7765625 0.61328125 0.13671875 0.375
0 0.7953125 0.440625 0.14921875 0.38671875
0 0.3359375 0.42734375 0.07890625 0.2359375
0 0.40078125 0.140625 0.06953125 0.14609375
0 0.3828125 0.29140625 0.07890625 0.22421875
0 0.6328125 0.1234375 0.06015625 0.1546875
0 0.6125 0.29375 0.065625 0.23359375
0 0.44453125 0.24140625 0.04765625 0.06484375