0 0.9796875 0.59296875 0.040625 0.20546875
0 0.96328125 0.4828125 0.05546875 0.184375
0 0.90390625 0.421875 0.04140625 0.21015625
0 0.86171875 0.4375 0.05078125 0.1984375
0 0.8359375 0.3046875 0.040625 0.19140625
0 0.86953125 0.2953125 0.0390625 0.1578125
0 0.87421875 0.253125 0.03359375 0.14609375
0 0.959375 0.26015625 0.046875 0.16953125
0 0.91796875 0.24609375 0.0390625 0.15078125
0 0.9046875 0.234375 0.0265625 0.14609375
0 0.87734375 0.08203125 0.03125 0.1484375
0 0.84375 0.08515625 0.0375 0.1703125
0 0.8265625 0.07734375 0.03515625 0.15390625
0 0.78671875 0.075 0.0375 0.13359375
0 0.74609375 0.0671875 0.0390625 0.134375
0 0.7046875 0.06328125 0.0375 0.1265625
0 0.64296875 0.09453125 0.04296875 0.11484375
0 0.64453125 0.046875 0.0421875 0.09375
0 0.70234375 0.54609375 0.05 0.21953125
0 0.7296875 0.6640625 0.05546875 0.24140625
0 0.7671875 0.9640625 0.05625 0.071875
0 0.68671875 0.953125 0.059375 0.09375
0 0.6296875 0.96953125 0.05546875 0.06015625
0 0.6203125 0.86875 0.065625 0.2390625
0 0.53515625 0.93828125 0.0578125 0.1234375
0 0.54375 0.88515625 0.06875 0.1671875
0 0.3921875 0.70859375 0.06328125 0.2296875
0 0.31015625 0.8171875 0.05234375 0.22265625
0 0.02265625 0.6671875 0.04453125 0.2390625
0 0.51953125 0.38125 0.05 0.19609375
0 0.43359375 0.3609375 0.05546875 0.1984375
0 0.4 0.334375 0.04140625 0.203125
0 0.4046875 0.18515625 0.05078125 0.1625
0 0.4265625 0.14921875 0.03515625 0.171875
0 0.459375 0.1671875 0.0390625 0.15546875
0 0.53125 0.13125 0.04296875 0.19375
0 0.3515625 0.25546875 0.0359375 0.103125
0 0.26875 0.21875 0.04296875 0.1625
0 0.20546875 0.271875 0.0390625 0.17421875
0 0.215625 0.2234375 0.0390625 0.171875
0 0.165625 0.28984375 0.04296875 0.18203125
0 0.121875 0.259375 0.0359375 0.19140625
0 0.2515625 0.11796875 0.040625 0.1625
0 0.2109375 0.1171875 0.0359375 0.140625
0 0.17890625 0.121875 0.03515625 0.16484375
0 0.146875 0.1453125 0.03515625 0.15546875
0 0.1140625 0.1625 0.04140625 0.14609375
0 0.2015625 0.07109375 0.03515625 0.14140625
0 0.390625 0.96953125 0.05 0.06015625