0 0.5453125 0.7765625 0.1234375 0.3171875
0 0.35625 0.62734375 0.034375 0.11640625
0 0.2984375 0.62421875 0.02734375 0.12109375
0 0.26796875 0.61328125 0.02578125 0.10078125
0 0.315625 0.62421875 0.0234375 0.11796875
0 0.2171875 0.5875 0.01484375 0.0671875
0 0.2359375 0.6015625 0.021875 0.09765625
0 0.2546875 0.60703125 0.015625 0.08515625
0 0.28515625 0.6140625 0.01953125 0.09453125
0 0.3296875 0.60390625 0.01640625 0.10078125
0 0.06875 0.5796875 0.0125 0.04453125
0 0.1109375 0.57890625 0.0078125 0.04609375