0 0.5375 0.76484375 0.121875 0.31171875
0 0.3515625 0.61796875 0.03359375 0.1140625
0 0.29453125 0.61484375 0.02734375 0.11875
0 0.26484375 0.6046875 0.025 0.09921875
0 0.31171875 0.61484375 0.02265625 0.11640625
0 0.2140625 0.57890625 0.01484375 0.06640625
0 0.2328125 0.5921875 0.02109375 0.09609375
0 0.2515625 0.59765625 0.015625 0.08359375
0 0.28203125 0.60546875 0.01953125 0.09296875
0 0.32578125 0.5953125 0.01640625 0.09921875
0 0.06796875 0.57109375 0.0125 0.04375
0 0.11015625 0.56953125 0.0078125 0.0453125