0 0.421875 0.78515625 0.13203125 0.3390625
0 0.62421875 0.6265625 0.03671875 0.12421875
0 0.68515625 0.62265625 0.0296875 0.12890625
0 0.71796875 0.6109375 0.02734375 0.10703125
0 0.6671875 0.62265625 0.025 0.12578125
0 0.77265625 0.58359375 0.01640625 0.071875
0 0.75234375 0.5984375 0.0234375 0.1046875
0 0.7328125 0.6046875 0.0171875 0.090625
0 0.69921875 0.61171875 0.02109375 0.10078125
0 0.65234375 0.6015625 0.01796875 0.1078125
0 0.93125 0.575 0.01328125 0.04765625
0 0.88515625 0.57421875 0.00859375 0.04921875