0 0.5125 0.75234375 0.12890625 0.33125
0 0.31484375 0.59765625 0.0359375 0.12109375
0 0.2546875 0.59375 0.02890625 0.1265625
0 0.22265625 0.5828125 0.0265625 0.1046875
0 0.27265625 0.59375 0.02421875 0.1234375
0 0.16953125 0.55546875 0.015625 0.0703125
0 0.1890625 0.5703125 0.02265625 0.10234375
0 0.20859375 0.57578125 0.01640625 0.0890625
0 0.24140625 0.58359375 0.0203125 0.0984375
0 0.2875 0.57265625 0.0171875 0.10546875
0 0.01484375 0.546875 0.01328125 0.04609375
0 0.059375 0.54609375 0.00859375 0.0484375