0 0.0671875 0.30546875 0.0359375 0.18046875
0 0.08984375 0.3640625 0.03046875 0.2109375
0 0.0609375 0.82578125 0.03984375 0.24453125
0 0.18828125 0.4609375 0.04609375 0.190625
0 0.2515625 0.48125 0.03046875 0.2171875
0 0.20625 0.340625 0.0328125 0.19765625
0 0.40859375 0.4625 0.04609375 0.19375
0 0.44375 0.32734375 0.03828125 0.15078125
0 0.49765625 0.39375 0.03203125 0.15703125
0 0.5296875 0.2921875 0.03984375 0.1609375
0 0.61953125 0.35390625 0.04140625 0.1703125
0 0.6375 0.7265625 0.05078125 0.234375
0 0.8515625 0.45390625 0.04140625 0.2171875
0 0.99453125 0.41640625 0.0109375 0.2109375
0 0.41796875 0.11796875 0.034375 0.15390625
0 0.553125 0.14609375 0.028125 0.090625
0 0.5234375 0.0703125 0.028125 0.140625
0 0.7859375 0.09609375 0.02890625 0.1640625
0 0.84453125 0.09140625 0.0265625 0.1671875