0 0.084375 0.3 0.03515625 0.1765625
0 0.10625 0.35703125 0.0296875 0.20625
0 0.07890625 0.8078125 0.0390625 0.23828125
0 0.20234375 0.45234375 0.0453125 0.1859375
0 0.26484375 0.471875 0.0296875 0.2125
0 0.22109375 0.334375 0.0328125 0.19296875
0 0.41796875 0.45390625 0.0453125 0.18984375
0 0.453125 0.32109375 0.0375 0.146875
0 0.50546875 0.38671875 0.03125 0.15390625
0 0.53671875 0.28671875 0.0390625 0.15703125
0 0.62421875 0.34765625 0.040625 0.16640625
0 0.6421875 0.71171875 0.04921875 0.22890625
0 0.8515625 0.4453125 0.040625 0.2125
0 0.99296875 0.40859375 0.0140625 0.20625
0 0.428125 0.1171875 0.03359375 0.15
0 0.559375 0.14453125 0.02734375 0.08828125
0 0.53046875 0.06953125 0.02734375 0.1390625
0 0.7875 0.09609375 0.02890625 0.16015625
0 0.84453125 0.090625 0.02578125 0.16328125