0 0.1125 0.28828125 0.03359375 0.1671875
0 0.13359375 0.3421875 0.028125 0.1953125
0 0.10703125 0.76953125 0.03671875 0.22578125
0 0.22421875 0.43203125 0.04296875 0.1765625
0 0.28359375 0.45078125 0.028125 0.2015625
0 0.24140625 0.3203125 0.03046875 0.1828125
0 0.42890625 0.43359375 0.04296875 0.1796875
0 0.46171875 0.30859375 0.0359375 0.1390625
0 0.51171875 0.3703125 0.0296875 0.1453125
0 0.54140625 0.27578125 0.03671875 0.1484375
0 0.62421875 0.3328125 0.03828125 0.1578125
0 0.640625 0.678125 0.046875 0.2171875
0 0.83984375 0.42578125 0.03828125 0.2015625
0 0.9828125 0.39140625 0.034375 0.1953125
0 0.4375 0.11484375 0.03203125 0.1421875
0 0.5625 0.140625 0.02578125 0.08359375
0 0.5359375 0.06953125 0.02578125 0.13359375
0 0.77890625 0.09453125 0.02734375 0.1515625
0 0.8328125 0.08984375 0.02421875 0.1546875