0 0.89296875 0.28203125 0.03359375 0.16953125
0 0.871875 0.33671875 0.02890625 0.19765625
0 0.8984375 0.76875 0.0375 0.22890625
0 0.7796875 0.42734375 0.04375 0.17890625
0 0.7203125 0.44609375 0.02890625 0.20390625
0 0.7625 0.31484375 0.03125 0.18515625
0 0.5734375 0.42890625 0.04375 0.18203125
0 0.53984375 0.30234375 0.0359375 0.140625
0 0.4890625 0.36484375 0.0296875 0.146875
0 0.459375 0.26953125 0.0375 0.15
0 0.37578125 0.32734375 0.03828125 0.16015625
0 0.35859375 0.6765625 0.046875 0.21953125
0 0.1578125 0.42109375 0.03828125 0.20390625
0 0.01484375 0.3859375 0.02890625 0.19765625
0 0.5640625 0.10625 0.03203125 0.14375
0 0.4375 0.1328125 0.02578125 0.084375
0 0.465625 0.0640625 0.02578125 0.128125
0 0.21953125 0.0859375 0.02734375 0.153125
0 0.16484375 0.08125 0.025 0.15625