0 0.3203125 0.39453125 0.021875 0.0828125
0 0.3890625 0.31328125 0.0125 0.0578125
0 0.4921875 0.3140625 0.0125 0.05546875
0 0.603125 0.2984375 0.01171875 0.04765625
0 0.621875 0.3046875 0.021875 0.04765625
0 0.43203125 0.31796875 0.01875 0.05546875
0 0.465625 0.30234375 0.01015625 0.05390625
0 0.41796875 0.2953125 0.0109375 0.04609375
0 0.40703125 0.31015625 0.01171875 0.059375
0 0.40859375 0.28046875 0.00859375 0.05078125
0 0.13046875 0.28203125 0.0109375 0.05625
0 0.11953125 0.2703125 0.003125 0.04921875
0 0.10546875 0.27109375 0.0125 0.053125
0 0.11328125 0.28046875 0.01328125 0.0484375
0 0.22265625 0.27109375 0.01484375 0.05859375
0 0.590625 0.28125 0.0125 0.0390625
0 0.6046875 0.28125 0.01484375 0.03828125
0 0.75859375 0.30234375 0.01484375 0.05703125
0 0.1953125 0.084375 0.02578125 0.06328125
0 0.6265625 0.24296875 0.01015625 0.04765625
0 0.63828125 0.2453125 0.00703125 0.04296875
0 0.64921875 0.24609375 0.0125 0.04609375