0 0.3234375 0.403125 0.02265625 0.08671875
0 0.3953125 0.31875 0.01328125 0.0609375
0 0.503125 0.31875 0.01328125 0.0578125
0 0.61953125 0.303125 0.0125 0.05
0 0.63984375 0.309375 0.02265625 0.05
0 0.440625 0.3234375 0.01953125 0.0578125
0 0.47578125 0.30703125 0.01015625 0.05703125
0 0.42578125 0.29921875 0.01171875 0.0484375
0 0.4140625 0.315625 0.0125 0.06171875
0 0.415625 0.284375 0.009375 0.053125
0 0.12421875 0.2859375 0.01171875 0.05859375
0 0.11328125 0.2734375 0.003125 0.05234375
0 0.09765625 0.27421875 0.0125 0.05625
0 0.10625 0.28359375 0.0140625 0.05078125
0 0.22109375 0.27421875 0.015625 0.0609375
0 0.60703125 0.28515625 0.01328125 0.04140625
0 0.621875 0.28515625 0.01484375 0.03984375
0 0.78203125 0.30703125 0.015625 0.059375
0 0.1921875 0.078125 0.02734375 0.06640625
0 0.64453125 0.2453125 0.01015625 0.04921875
0 0.65625 0.24765625 0.00703125 0.0453125
0 0.66875 0.24765625 0.01328125 0.0484375