0 0.11015625 0.49765625 0.03828125 0.10859375
0 0.4171875 0.86171875 0.0578125 0.16640625
0 0.9046875 0.4578125 0.03984375 0.09296875
0 0.621875 0.2640625 0.025 0.03515625
0 0.79296875 0.303125 0.0265625 0.0390625
0 0.7515625 0.2390625 0.009375 0.01640625
0 0.76796875 0.2453125 0.015625 0.00859375
0 0.27578125 0.34765625 0.0265625 0.0765625
0 0.2375 0.35078125 0.0171875 0.05859375
0 0.24921875 0.359375 0.01953125 0.0890625
0 0.21328125 0.259375 0.01328125 0.06796875
0 0.20234375 0.24296875 0.015625 0.04375
0 0.253125 0.33828125 0.0203125 0.07734375