0 0.88984375 0.49765625 0.03828125 0.10859375
0 0.5828125 0.86171875 0.0578125 0.16640625
0 0.0953125 0.4578125 0.03984375 0.09296875
0 0.378125 0.2640625 0.025 0.03515625
0 0.20703125 0.303125 0.0265625 0.0390625
0 0.2484375 0.2390625 0.009375 0.01640625
0 0.23203125 0.2453125 0.015625 0.00859375
0 0.72421875 0.34765625 0.0265625 0.0765625
0 0.7625 0.35078125 0.0171875 0.05859375
0 0.75078125 0.359375 0.01953125 0.0890625
0 0.78671875 0.259375 0.01328125 0.06796875
0 0.79765625 0.24296875 0.015625 0.04375
0 0.746875 0.33828125 0.0203125 0.07734375