0 0.296875 0.359375 0.02265625 0.08828125
0 0.36953125 0.27421875 0.01328125 0.06171875
0 0.47890625 0.27421875 0.01328125 0.05859375
0 0.596875 0.25859375 0.0125 0.05078125
0 0.61640625 0.2640625 0.02265625 0.05078125
0 0.41484375 0.27890625 0.0203125 0.05859375
0 0.45078125 0.26171875 0.01015625 0.0578125
0 0.4 0.2546875 0.01171875 0.04921875
0 0.38828125 0.27109375 0.0125 0.0625
0 0.390625 0.2390625 0.009375 0.05390625
0 0.0953125 0.240625 0.01171875 0.059375
0 0.084375 0.228125 0.003125 0.05234375
0 0.06875 0.22890625 0.0125 0.05625
0 0.07734375 0.2390625 0.0140625 0.0515625
0 0.19296875 0.22890625 0.015625 0.06171875
0 0.58359375 0.23984375 0.01328125 0.04140625
0 0.5984375 0.23984375 0.015625 0.040625
0 0.7609375 0.2625 0.015625 0.06015625
0 0.16328125 0.03203125 0.0265625 0.0640625
0 0.62109375 0.19921875 0.01015625 0.05
0 0.63359375 0.2015625 0.00703125 0.0453125
0 0.6453125 0.20234375 0.01328125 0.04921875